0000000000000000 796
0101010101010101 796
1010101010101010 796
1111111111111111 796
0000000001010101 92
0101010100000000 92
0000000010101010 92
0000000011111111 92
0101010110101010 92
0101010111111111 92
1010101000000000 92
1010101001010101 92
1111111100000000 92
1111111101010101 92
1010101011111111 92
1111111110101010 92
0000000100000001 68
0101010001010100 68
0000001000000010 68
0000001100000011 68
0101011001010110 68
0101011101010111 68
1010100010101000 68
1010100110101001 68
1111110011111100 68
1111110111111101 68
1010101110101011 68
1111111011111110 68
0001000000010000 68
0100010101000101 68
0010000000100000 68
0011000000110000 68
0110010101100101 68
0111010101110101 68
1000101010001010 68
1001101010011010 68
1100111111001111 68
1101111111011111 68
1011101010111010 68
1110111111101111 68
0001000100010001 68
0100010001000100 68
0010001000100010 68
0011001100110011 68
0110011001100110 68
0111011101110111 68
1000100010001000 68
1001100110011001 68
1100110011001100 68
1101110111011101 68
1011101110111011 68
1110111011101110 68
0000010000000100 68
0101000101010001 68
0000100000001000 68
0000110000001100 68
0101100101011001 68
0101110101011101 68
1010001010100010 68
1010011010100110 68
1111001111110011 68
1111011111110111 68
1010111010101110 68
1111101111111011 68
0000010100000101 68
0101000001010000 68
0000101000001010 68
0000111100001111 68
0101101001011010 68
0101111101011111 68
1010000010100000 68
1010010110100101 68
1111000011110000 68
1111010111110101 68
1010111110101111 68
1111101011111010 68
0001010000010100 68
0100000101000001 68
0010100000101000 68
0011110000111100 68
0110100101101001 68
0111110101111101 68
1000001010000010 68
1001011010010110 68
1100001111000011 68
1101011111010111 68
1011111010111110 68
1110101111101011 68
0001010100010101 68
0100000001000000 68
0010101000101010 68
0011111100111111 68
0110101001101010 68
0111111101111111 68
1000000010000000 68
1001010110010101 68
1100000011000000 68
1101010111010101 68
1011111110111111 68
1110101011101010 68
0000000000000001 4
0000000100000000 4
0000000001010100 4
0000000101010100 4
0000000101010101 4
0101010000000000 4
0101010000000001 4
0101010100000001 4
0101010001010101 4
0101010101010100 4
0000000000000010 4
0000000000000011 4
0000000100000010 4
0000000100000011 4
0000000001010110 4
0000000001010111 4
0000000101010110 4
0000000101010111 4
0101010000000010 4
0101010000000011 4
0101010100000010 4
0101010100000011 4
0101010001010110 4
0101010001010111 4
0101010101010110 4
0101010101010111 4
0000001000000000 4
0000001000000001 4
0000001100000000 4
0000001100000001 4
0000001001010100 4
0000001001010101 4
0000001101010100 4
0000001101010101 4
0101011000000000 4
0101011000000001 4
0101011100000000 4
0101011100000001 4
0101011001010100 4
0101011001010101 4
0101011101010100 4
0101011101010101 4
0000001000000011 4
0000001100000010 4
0000001001010110 4
0000001001010111 4
0000001101010110 4
0000001101010111 4
0101011000000010 4
0101011000000011 4
0101011100000010 4
0101011100000011 4
0101011001010111 4
0101011101010110 4
0000000010101000 4
0000000010101001 4
0000000110101000 4
0000000110101001 4
0000000011111100 4
0000000011111101 4
0000000111111100 4
0000000111111101 4
0101010010101000 4
0101010010101001 4
0101010110101000 4
0101010110101001 4
0101010011111100 4
0101010011111101 4
0101010111111100 4
0101010111111101 4
0000000010101011 4
0000000110101010 4
0000000110101011 4
0000000011111110 4
0000000111111110 4
0000000111111111 4
0101010010101010 4
0101010010101011 4
0101010110101011 4
0101010011111110 4
0101010011111111 4
0101010111111110 4
0000001010101000 4
0000001010101001 4
0000001110101000 4
0000001110101001 4
0000001011111100 4
0000001011111101 4
0000001111111100 4
0000001111111101 4
0101011010101000 4
0101011010101001 4
0101011110101000 4
0101011110101001 4
0101011011111100 4
0101011011111101 4
0101011111111100 4
0101011111111101 4
0000001010101010 4
0000001010101011 4
0000001110101010 4
0000001110101011 4
0000001011111110 4
0000001011111111 4
0000001111111110 4
0000001111111111 4
0101011010101010 4
0101011010101011 4
0101011110101010 4
0101011110101011 4
0101011011111110 4
0101011011111111 4
0101011111111110 4
0101011111111111 4
1010100000000000 4
1010100000000001 4
1010100100000000 4
1010100100000001 4
1010100001010100 4
1010100001010101 4
1010100101010100 4
1010100101010101 4
1111110000000000 4
1111110000000001 4
1111110100000000 4
1111110100000001 4
1111110001010100 4
1111110001010101 4
1111110101010100 4
1111110101010101 4
1010100000000010 4
1010100000000011 4
1010100100000010 4
1010100100000011 4
1010100001010110 4
1010100001010111 4
1010100101010110 4
1010100101010111 4
1111110000000010 4
1111110000000011 4
1111110100000010 4
1111110100000011 4
1111110001010110 4
1111110001010111 4
1111110101010110 4
1111110101010111 4
1010101000000001 4
1010101100000000 4
1010101100000001 4
1010101001010100 4
1010101101010100 4
1010101101010101 4
1111111000000000 4
1111111000000001 4
1111111100000001 4
1111111001010100 4
1111111001010101 4
1111111101010100 4
1010101000000010 4
1010101000000011 4
1010101100000010 4
1010101100000011 4
1010101001010110 4
1010101001010111 4
1010101101010110 4
1010101101010111 4
1111111000000010 4
1111111000000011 4
1111111100000010 4
1111111100000011 4
1111111001010110 4
1111111001010111 4
1111111101010110 4
1111111101010111 4
1010100010101001 4
1010100110101000 4
1010100011111100 4
1010100011111101 4
1010100111111100 4
1010100111111101 4
1111110010101000 4
1111110010101001 4
1111110110101000 4
1111110110101001 4
1111110011111101 4
1111110111111100 4
1010100010101010 4
1010100010101011 4
1010100110101010 4
1010100110101011 4
1010100011111110 4
1010100011111111 4
1010100111111110 4
1010100111111111 4
1111110010101010 4
1111110010101011 4
1111110110101010 4
1111110110101011 4
1111110011111110 4
1111110011111111 4
1111110111111110 4
1111110111111111 4
1010101010101000 4
1010101010101001 4
1010101110101000 4
1010101110101001 4
1010101011111100 4
1010101011111101 4
1010101111111100 4
1010101111111101 4
1111111010101000 4
1111111010101001 4
1111111110101000 4
1111111110101001 4
1111111011111100 4
1111111011111101 4
1111111111111100 4
1111111111111101 4
1010101010101011 4
1010101110101010 4
1010101011111110 4
1010101111111110 4
1010101111111111 4
1111111010101010 4
1111111010101011 4
1111111110101011 4
1111111011111111 4
1111111111111110 4
0000000000010000 4
0001000000000000 4
0000000001000101 4
0001000001000101 4
0001000001010101 4
0100010100000000 4
0100010100010000 4
0101010100010000 4
0100010101010101 4
0101010101000101 4
0000000000100000 4
0000000000110000 4
0001000000100000 4
0001000000110000 4
0000000001100101 4
0000000001110101 4
0001000001100101 4
0001000001110101 4
0100010100100000 4
0100010100110000 4
0101010100100000 4
0101010100110000 4
0100010101100101 4
0100010101110101 4
0101010101100101 4
0101010101110101 4
0010000000000000 4
0010000000010000 4
0011000000000000 4
0011000000010000 4
0010000001000101 4
0010000001010101 4
0011000001000101 4
0011000001010101 4
0110010100000000 4
0110010100010000 4
0111010100000000 4
0111010100010000 4
0110010101000101 4
0110010101010101 4
0111010101000101 4
0111010101010101 4
0010000000110000 4
0011000000100000 4
0010000001100101 4
0010000001110101 4
0011000001100101 4
0011000001110101 4
0110010100100000 4
0110010100110000 4
0111010100100000 4
0111010100110000 4
0110010101110101 4
0111010101100101 4
0000000010001010 4
0000000010011010 4
0001000010001010 4
0001000010011010 4
0000000011001111 4
0000000011011111 4
0001000011001111 4
0001000011011111 4
0100010110001010 4
0100010110011010 4
0101010110001010 4
0101010110011010 4
0100010111001111 4
0100010111011111 4
0101010111001111 4
0101010111011111 4
0000000010111010 4
0001000010101010 4
0001000010111010 4
0000000011101111 4
0001000011101111 4
0001000011111111 4
0100010110101010 4
0100010110111010 4
0101010110111010 4
0100010111101111 4
0100010111111111 4
0101010111101111 4
0010000010001010 4
0010000010011010 4
0011000010001010 4
0011000010011010 4
0010000011001111 4
0010000011011111 4
0011000011001111 4
0011000011011111 4
0110010110001010 4
0110010110011010 4
0111010110001010 4
0111010110011010 4
0110010111001111 4
0110010111011111 4
0111010111001111 4
0111010111011111 4
0010000010101010 4
0010000010111010 4
0011000010101010 4
0011000010111010 4
0010000011101111 4
0010000011111111 4
0011000011101111 4
0011000011111111 4
0110010110101010 4
0110010110111010 4
0111010110101010 4
0111010110111010 4
0110010111101111 4
0110010111111111 4
0111010111101111 4
0111010111111111 4
1000101000000000 4
1000101000010000 4
1001101000000000 4
1001101000010000 4
1000101001000101 4
1000101001010101 4
1001101001000101 4
1001101001010101 4
1100111100000000 4
1100111100010000 4
1101111100000000 4
1101111100010000 4
1100111101000101 4
1100111101010101 4
1101111101000101 4
1101111101010101 4
1000101000100000 4
1000101000110000 4
1001101000100000 4
1001101000110000 4
1000101001100101 4
1000101001110101 4
1001101001100101 4
1001101001110101 4
1100111100100000 4
1100111100110000 4
1101111100100000 4
1101111100110000 4
1100111101100101 4
1100111101110101 4
1101111101100101 4
1101111101110101 4
1010101000010000 4
1011101000000000 4
1011101000010000 4
1010101001000101 4
1011101001000101 4
1011101001010101 4
1110111100000000 4
1110111100010000 4
1111111100010000 4
1110111101000101 4
1110111101010101 4
1111111101000101 4
1010101000100000 4
1010101000110000 4
1011101000100000 4
1011101000110000 4
1010101001100101 4
1010101001110101 4
1011101001100101 4
1011101001110101 4
1110111100100000 4
1110111100110000 4
1111111100100000 4
1111111100110000 4
1110111101100101 4
1110111101110101 4
1111111101100101 4
1111111101110101 4
1000101010011010 4
1001101010001010 4
1000101011001111 4
1000101011011111 4
1001101011001111 4
1001101011011111 4
1100111110001010 4
1100111110011010 4
1101111110001010 4
1101111110011010 4
1100111111011111 4
1101111111001111 4
1000101010101010 4
1000101010111010 4
1001101010101010 4
1001101010111010 4
1000101011101111 4
1000101011111111 4
1001101011101111 4
1001101011111111 4
1100111110101010 4
1100111110111010 4
1101111110101010 4
1101111110111010 4
1100111111101111 4
1100111111111111 4
1101111111101111 4
1101111111111111 4
1010101010001010 4
1010101010011010 4
1011101010001010 4
1011101010011010 4
1010101011001111 4
1010101011011111 4
1011101011001111 4
1011101011011111 4
1110111110001010 4
1110111110011010 4
1111111110001010 4
1111111110011010 4
1110111111001111 4
1110111111011111 4
1111111111001111 4
1111111111011111 4
1010101010111010 4
1011101010101010 4
1010101011101111 4
1011101011101111 4
1011101011111111 4
1110111110101010 4
1110111110111010 4
1111111110111010 4
1110111111111111 4
1111111111101111 4
0000000000010001 4
0001000100000000 4
0000000001000100 4
0001000101000100 4
0001000101010101 4
0100010000000000 4
0100010000010001 4
0101010100010001 4
0100010001010101 4
0101010101000100 4
0000000000100010 4
0000000000110011 4
0001000100100010 4
0001000100110011 4
0000000001100110 4
0000000001110111 4
0001000101100110 4
0001000101110111 4
0100010000100010 4
0100010000110011 4
0101010100100010 4
0101010100110011 4
0100010001100110 4
0100010001110111 4
0101010101100110 4
0101010101110111 4
0010001000000000 4
0010001000010001 4
0011001100000000 4
0011001100010001 4
0010001001000100 4
0010001001010101 4
0011001101000100 4
0011001101010101 4
0110011000000000 4
0110011000010001 4
0111011100000000 4
0111011100010001 4
0110011001000100 4
0110011001010101 4
0111011101000100 4
0111011101010101 4
0010001000110011 4
0011001100100010 4
0010001001100110 4
0010001001110111 4
0011001101100110 4
0011001101110111 4
0110011000100010 4
0110011000110011 4
0111011100100010 4
0111011100110011 4
0110011001110111 4
0111011101100110 4
0000000010001000 4
0000000010011001 4
0001000110001000 4
0001000110011001 4
0000000011001100 4
0000000011011101 4
0001000111001100 4
0001000111011101 4
0100010010001000 4
0100010010011001 4
0101010110001000 4
0101010110011001 4
0100010011001100 4
0100010011011101 4
0101010111001100 4
0101010111011101 4
0000000010111011 4
0001000110101010 4
0001000110111011 4
0000000011101110 4
0001000111101110 4
0001000111111111 4
0100010010101010 4
0100010010111011 4
0101010110111011 4
0100010011101110 4
0100010011111111 4
0101010111101110 4
0010001010001000 4
0010001010011001 4
0011001110001000 4
0011001110011001 4
0010001011001100 4
0010001011011101 4
0011001111001100 4
0011001111011101 4
0110011010001000 4
0110011010011001 4
0111011110001000 4
0111011110011001 4
0110011011001100 4
0110011011011101 4
0111011111001100 4
0111011111011101 4
0010001010101010 4
0010001010111011 4
0011001110101010 4
0011001110111011 4
0010001011101110 4
0010001011111111 4
0011001111101110 4
0011001111111111 4
0110011010101010 4
0110011010111011 4
0111011110101010 4
0111011110111011 4
0110011011101110 4
0110011011111111 4
0111011111101110 4
0111011111111111 4
1000100000000000 4
1000100000010001 4
1001100100000000 4
1001100100010001 4
1000100001000100 4
1000100001010101 4
1001100101000100 4
1001100101010101 4
1100110000000000 4
1100110000010001 4
1101110100000000 4
1101110100010001 4
1100110001000100 4
1100110001010101 4
1101110101000100 4
1101110101010101 4
1000100000100010 4
1000100000110011 4
1001100100100010 4
1001100100110011 4
1000100001100110 4
1000100001110111 4
1001100101100110 4
1001100101110111 4
1100110000100010 4
1100110000110011 4
1101110100100010 4
1101110100110011 4
1100110001100110 4
1100110001110111 4
1101110101100110 4
1101110101110111 4
1010101000010001 4
1011101100000000 4
1011101100010001 4
1010101001000100 4
1011101101000100 4
1011101101010101 4
1110111000000000 4
1110111000010001 4
1111111100010001 4
1110111001000100 4
1110111001010101 4
1111111101000100 4
1010101000100010 4
1010101000110011 4
1011101100100010 4
1011101100110011 4
1010101001100110 4
1010101001110111 4
1011101101100110 4
1011101101110111 4
1110111000100010 4
1110111000110011 4
1111111100100010 4
1111111100110011 4
1110111001100110 4
1110111001110111 4
1111111101100110 4
1111111101110111 4
1000100010011001 4
1001100110001000 4
1000100011001100 4
1000100011011101 4
1001100111001100 4
1001100111011101 4
1100110010001000 4
1100110010011001 4
1101110110001000 4
1101110110011001 4
1100110011011101 4
1101110111001100 4
1000100010101010 4
1000100010111011 4
1001100110101010 4
1001100110111011 4
1000100011101110 4
1000100011111111 4
1001100111101110 4
1001100111111111 4
1100110010101010 4
1100110010111011 4
1101110110101010 4
1101110110111011 4
1100110011101110 4
1100110011111111 4
1101110111101110 4
1101110111111111 4
1010101010001000 4
1010101010011001 4
1011101110001000 4
1011101110011001 4
1010101011001100 4
1010101011011101 4
1011101111001100 4
1011101111011101 4
1110111010001000 4
1110111010011001 4
1111111110001000 4
1111111110011001 4
1110111011001100 4
1110111011011101 4
1111111111001100 4
1111111111011101 4
1010101010111011 4
1011101110101010 4
1010101011101110 4
1011101111101110 4
1011101111111111 4
1110111010101010 4
1110111010111011 4
1111111110111011 4
1110111011111111 4
1111111111101110 4
0000000000000100 4
0000010000000000 4
0000000001010001 4
0000010001010001 4
0000010001010101 4
0101000100000000 4
0101000100000100 4
0101010100000100 4
0101000101010101 4
0101010101010001 4
0000000000001000 4
0000000000001100 4
0000010000001000 4
0000010000001100 4
0000000001011001 4
0000000001011101 4
0000010001011001 4
0000010001011101 4
0101000100001000 4
0101000100001100 4
0101010100001000 4
0101010100001100 4
0101000101011001 4
0101000101011101 4
0101010101011001 4
0101010101011101 4
0000100000000000 4
0000100000000100 4
0000110000000000 4
0000110000000100 4
0000100001010001 4
0000100001010101 4
0000110001010001 4
0000110001010101 4
0101100100000000 4
0101100100000100 4
0101110100000000 4
0101110100000100 4
0101100101010001 4
0101100101010101 4
0101110101010001 4
0101110101010101 4
0000100000001100 4
0000110000001000 4
0000100001011001 4
0000100001011101 4
0000110001011001 4
0000110001011101 4
0101100100001000 4
0101100100001100 4
0101110100001000 4
0101110100001100 4
0101100101011101 4
0101110101011001 4
0000000010100010 4
0000000010100110 4
0000010010100010 4
0000010010100110 4
0000000011110011 4
0000000011110111 4
0000010011110011 4
0000010011110111 4
0101000110100010 4
0101000110100110 4
0101010110100010 4
0101010110100110 4
0101000111110011 4
0101000111110111 4
0101010111110011 4
0101010111110111 4
0000000010101110 4
0000010010101010 4
0000010010101110 4
0000000011111011 4
0000010011111011 4
0000010011111111 4
0101000110101010 4
0101000110101110 4
0101010110101110 4
0101000111111011 4
0101000111111111 4
0101010111111011 4
0000100010100010 4
0000100010100110 4
0000110010100010 4
0000110010100110 4
0000100011110011 4
0000100011110111 4
0000110011110011 4
0000110011110111 4
0101100110100010 4
0101100110100110 4
0101110110100010 4
0101110110100110 4
0101100111110011 4
0101100111110111 4
0101110111110011 4
0101110111110111 4
0000100010101010 4
0000100010101110 4
0000110010101010 4
0000110010101110 4
0000100011111011 4
0000100011111111 4
0000110011111011 4
0000110011111111 4
0101100110101010 4
0101100110101110 4
0101110110101010 4
0101110110101110 4
0101100111111011 4
0101100111111111 4
0101110111111011 4
0101110111111111 4
1010001000000000 4
1010001000000100 4
1010011000000000 4
1010011000000100 4
1010001001010001 4
1010001001010101 4
1010011001010001 4
1010011001010101 4
1111001100000000 4
1111001100000100 4
1111011100000000 4
1111011100000100 4
1111001101010001 4
1111001101010101 4
1111011101010001 4
1111011101010101 4
1010001000001000 4
1010001000001100 4
1010011000001000 4
1010011000001100 4
1010001001011001 4
1010001001011101 4
1010011001011001 4
1010011001011101 4
1111001100001000 4
1111001100001100 4
1111011100001000 4
1111011100001100 4
1111001101011001 4
1111001101011101 4
1111011101011001 4
1111011101011101 4
1010101000000100 4
1010111000000000 4
1010111000000100 4
1010101001010001 4
1010111001010001 4
1010111001010101 4
1111101100000000 4
1111101100000100 4
1111111100000100 4
1111101101010001 4
1111101101010101 4
1111111101010001 4
1010101000001000 4
1010101000001100 4
1010111000001000 4
1010111000001100 4
1010101001011001 4
1010101001011101 4
1010111001011001 4
1010111001011101 4
1111101100001000 4
1111101100001100 4
1111111100001000 4
1111111100001100 4
1111101101011001 4
1111101101011101 4
1111111101011001 4
1111111101011101 4
1010001010100110 4
1010011010100010 4
1010001011110011 4
1010001011110111 4
1010011011110011 4
1010011011110111 4
1111001110100010 4
1111001110100110 4
1111011110100010 4
1111011110100110 4
1111001111110111 4
1111011111110011 4
1010001010101010 4
1010001010101110 4
1010011010101010 4
1010011010101110 4
1010001011111011 4
1010001011111111 4
1010011011111011 4
1010011011111111 4
1111001110101010 4
1111001110101110 4
1111011110101010 4
1111011110101110 4
1111001111111011 4
1111001111111111 4
1111011111111011 4
1111011111111111 4
1010101010100010 4
1010101010100110 4
1010111010100010 4
1010111010100110 4
1010101011110011 4
1010101011110111 4
1010111011110011 4
1010111011110111 4
1111101110100010 4
1111101110100110 4
1111111110100010 4
1111111110100110 4
1111101111110011 4
1111101111110111 4
1111111111110011 4
1111111111110111 4
1010101010101110 4
1010111010101010 4
1010101011111011 4
1010111011111011 4
1010111011111111 4
1111101110101010 4
1111101110101110 4
1111111110101110 4
1111101111111111 4
1111111111111011 4
0000000000000101 4
0000010100000000 4
0000000001010000 4
0000010101010000 4
0000010101010101 4
0101000000000000 4
0101000000000101 4
0101010100000101 4
0101000001010101 4
0101010101010000 4
0000000000001010 4
0000000000001111 4
0000010100001010 4
0000010100001111 4
0000000001011010 4
0000000001011111 4
0000010101011010 4
0000010101011111 4
0101000000001010 4
0101000000001111 4
0101010100001010 4
0101010100001111 4
0101000001011010 4
0101000001011111 4
0101010101011010 4
0101010101011111 4
0000101000000000 4
0000101000000101 4
0000111100000000 4
0000111100000101 4
0000101001010000 4
0000101001010101 4
0000111101010000 4
0000111101010101 4
0101101000000000 4
0101101000000101 4
0101111100000000 4
0101111100000101 4
0101101001010000 4
0101101001010101 4
0101111101010000 4
0101111101010101 4
0000101000001111 4
0000111100001010 4
0000101001011010 4
0000101001011111 4
0000111101011010 4
0000111101011111 4
0101101000001010 4
0101101000001111 4
0101111100001010 4
0101111100001111 4
0101101001011111 4
0101111101011010 4
0000000010100000 4
0000000010100101 4
0000010110100000 4
0000010110100101 4
0000000011110000 4
0000000011110101 4
0000010111110000 4
0000010111110101 4
0101000010100000 4
0101000010100101 4
0101010110100000 4
0101010110100101 4
0101000011110000 4
0101000011110101 4
0101010111110000 4
0101010111110101 4
0000000010101111 4
0000010110101010 4
0000010110101111 4
0000000011111010 4
0000010111111010 4
0000010111111111 4
0101000010101010 4
0101000010101111 4
0101010110101111 4
0101000011111010 4
0101000011111111 4
0101010111111010 4
0000101010100000 4
0000101010100101 4
0000111110100000 4
0000111110100101 4
0000101011110000 4
0000101011110101 4
0000111111110000 4
0000111111110101 4
0101101010100000 4
0101101010100101 4
0101111110100000 4
0101111110100101 4
0101101011110000 4
0101101011110101 4
0101111111110000 4
0101111111110101 4
0000101010101010 4
0000101010101111 4
0000111110101010 4
0000111110101111 4
0000101011111010 4
0000101011111111 4
0000111111111010 4
0000111111111111 4
0101101010101010 4
0101101010101111 4
0101111110101010 4
0101111110101111 4
0101101011111010 4
0101101011111111 4
0101111111111010 4
0101111111111111 4
1010000000000000 4
1010000000000101 4
1010010100000000 4
1010010100000101 4
1010000001010000 4
1010000001010101 4
1010010101010000 4
1010010101010101 4
1111000000000000 4
1111000000000101 4
1111010100000000 4
1111010100000101 4
1111000001010000 4
1111000001010101 4
1111010101010000 4
1111010101010101 4
1010000000001010 4
1010000000001111 4
1010010100001010 4
1010010100001111 4
1010000001011010 4
1010000001011111 4
1010010101011010 4
1010010101011111 4
1111000000001010 4
1111000000001111 4
1111010100001010 4
1111010100001111 4
1111000001011010 4
1111000001011111 4
1111010101011010 4
1111010101011111 4
1010101000000101 4
1010111100000000 4
1010111100000101 4
1010101001010000 4
1010111101010000 4
1010111101010101 4
1111101000000000 4
1111101000000101 4
1111111100000101 4
1111101001010000 4
1111101001010101 4
1111111101010000 4
1010101000001010 4
1010101000001111 4
1010111100001010 4
1010111100001111 4
1010101001011010 4
1010101001011111 4
1010111101011010 4
1010111101011111 4
1111101000001010 4
1111101000001111 4
1111111100001010 4
1111111100001111 4
1111101001011010 4
1111101001011111 4
1111111101011010 4
1111111101011111 4
1010000010100101 4
1010010110100000 4
1010000011110000 4
1010000011110101 4
1010010111110000 4
1010010111110101 4
1111000010100000 4
1111000010100101 4
1111010110100000 4
1111010110100101 4
1111000011110101 4
1111010111110000 4
1010000010101010 4
1010000010101111 4
1010010110101010 4
1010010110101111 4
1010000011111010 4
1010000011111111 4
1010010111111010 4
1010010111111111 4
1111000010101010 4
1111000010101111 4
1111010110101010 4
1111010110101111 4
1111000011111010 4
1111000011111111 4
1111010111111010 4
1111010111111111 4
1010101010100000 4
1010101010100101 4
1010111110100000 4
1010111110100101 4
1010101011110000 4
1010101011110101 4
1010111111110000 4
1010111111110101 4
1111101010100000 4
1111101010100101 4
1111111110100000 4
1111111110100101 4
1111101011110000 4
1111101011110101 4
1111111111110000 4
1111111111110101 4
1010101010101111 4
1010111110101010 4
1010101011111010 4
1010111111111010 4
1010111111111111 4
1111101010101010 4
1111101010101111 4
1111111110101111 4
1111101011111111 4
1111111111111010 4
0000000000010100 4
0001010000000000 4
0000000001000001 4
0001010001000001 4
0001010001010101 4
0100000100000000 4
0100000100010100 4
0101010100010100 4
0100000101010101 4
0101010101000001 4
0000000000101000 4
0000000000111100 4
0001010000101000 4
0001010000111100 4
0000000001101001 4
0000000001111101 4
0001010001101001 4
0001010001111101 4
0100000100101000 4
0100000100111100 4
0101010100101000 4
0101010100111100 4
0100000101101001 4
0100000101111101 4
0101010101101001 4
0101010101111101 4
0010100000000000 4
0010100000010100 4
0011110000000000 4
0011110000010100 4
0010100001000001 4
0010100001010101 4
0011110001000001 4
0011110001010101 4
0110100100000000 4
0110100100010100 4
0111110100000000 4
0111110100010100 4
0110100101000001 4
0110100101010101 4
0111110101000001 4
0111110101010101 4
0010100000111100 4
0011110000101000 4
0010100001101001 4
0010100001111101 4
0011110001101001 4
0011110001111101 4
0110100100101000 4
0110100100111100 4
0111110100101000 4
0111110100111100 4
0110100101111101 4
0111110101101001 4
0000000010000010 4
0000000010010110 4
0001010010000010 4
0001010010010110 4
0000000011000011 4
0000000011010111 4
0001010011000011 4
0001010011010111 4
0100000110000010 4
0100000110010110 4
0101010110000010 4
0101010110010110 4
0100000111000011 4
0100000111010111 4
0101010111000011 4
0101010111010111 4
0000000010111110 4
0001010010101010 4
0001010010111110 4
0000000011101011 4
0001010011101011 4
0001010011111111 4
0100000110101010 4
0100000110111110 4
0101010110111110 4
0100000111101011 4
0100000111111111 4
0101010111101011 4
0010100010000010 4
0010100010010110 4
0011110010000010 4
0011110010010110 4
0010100011000011 4
0010100011010111 4
0011110011000011 4
0011110011010111 4
0110100110000010 4
0110100110010110 4
0111110110000010 4
0111110110010110 4
0110100111000011 4
0110100111010111 4
0111110111000011 4
0111110111010111 4
0010100010101010 4
0010100010111110 4
0011110010101010 4
0011110010111110 4
0010100011101011 4
0010100011111111 4
0011110011101011 4
0011110011111111 4
0110100110101010 4
0110100110111110 4
0111110110101010 4
0111110110111110 4
0110100111101011 4
0110100111111111 4
0111110111101011 4
0111110111111111 4
1000001000000000 4
1000001000010100 4
1001011000000000 4
1001011000010100 4
1000001001000001 4
1000001001010101 4
1001011001000001 4
1001011001010101 4
1100001100000000 4
1100001100010100 4
1101011100000000 4
1101011100010100 4
1100001101000001 4
1100001101010101 4
1101011101000001 4
1101011101010101 4
1000001000101000 4
1000001000111100 4
1001011000101000 4
1001011000111100 4
1000001001101001 4
1000001001111101 4
1001011001101001 4
1001011001111101 4
1100001100101000 4
1100001100111100 4
1101011100101000 4
1101011100111100 4
1100001101101001 4
1100001101111101 4
1101011101101001 4
1101011101111101 4
1010101000010100 4
1011111000000000 4
1011111000010100 4
1010101001000001 4
1011111001000001 4
1011111001010101 4
1110101100000000 4
1110101100010100 4
1111111100010100 4
1110101101000001 4
1110101101010101 4
1111111101000001 4
1010101000101000 4
1010101000111100 4
1011111000101000 4
1011111000111100 4
1010101001101001 4
1010101001111101 4
1011111001101001 4
1011111001111101 4
1110101100101000 4
1110101100111100 4
1111111100101000 4
1111111100111100 4
1110101101101001 4
1110101101111101 4
1111111101101001 4
1111111101111101 4
1000001010010110 4
1001011010000010 4
1000001011000011 4
1000001011010111 4
1001011011000011 4
1001011011010111 4
1100001110000010 4
1100001110010110 4
1101011110000010 4
1101011110010110 4
1100001111010111 4
1101011111000011 4
1000001010101010 4
1000001010111110 4
1001011010101010 4
1001011010111110 4
1000001011101011 4
1000001011111111 4
1001011011101011 4
1001011011111111 4
1100001110101010 4
1100001110111110 4
1101011110101010 4
1101011110111110 4
1100001111101011 4
1100001111111111 4
1101011111101011 4
1101011111111111 4
1010101010000010 4
1010101010010110 4
1011111010000010 4
1011111010010110 4
1010101011000011 4
1010101011010111 4
1011111011000011 4
1011111011010111 4
1110101110000010 4
1110101110010110 4
1111111110000010 4
1111111110010110 4
1110101111000011 4
1110101111010111 4
1111111111000011 4
1111111111010111 4
1010101010111110 4
1011111010101010 4
1010101011101011 4
1011111011101011 4
1011111011111111 4
1110101110101010 4
1110101110111110 4
1111111110111110 4
1110101111111111 4
1111111111101011 4
0000000000010101 4
0001010100000000 4
0000000001000000 4
0001010101000000 4
0001010101010101 4
0100000000000000 4
0100000000010101 4
0101010100010101 4
0100000001010101 4
0101010101000000 4
0000000000101010 4
0000000000111111 4
0001010100101010 4
0001010100111111 4
0000000001101010 4
0000000001111111 4
0001010101101010 4
0001010101111111 4
0100000000101010 4
0100000000111111 4
0101010100101010 4
0101010100111111 4
0100000001101010 4
0100000001111111 4
0101010101101010 4
0101010101111111 4
0010101000000000 4
0010101000010101 4
0011111100000000 4
0011111100010101 4
0010101001000000 4
0010101001010101 4
0011111101000000 4
0011111101010101 4
0110101000000000 4
0110101000010101 4
0111111100000000 4
0111111100010101 4
0110101001000000 4
0110101001010101 4
0111111101000000 4
0111111101010101 4
0010101000111111 4
0011111100101010 4
0010101001101010 4
0010101001111111 4
0011111101101010 4
0011111101111111 4
0110101000101010 4
0110101000111111 4
0111111100101010 4
0111111100111111 4
0110101001111111 4
0111111101101010 4
0000000010000000 4
0000000010010101 4
0001010110000000 4
0001010110010101 4
0000000011000000 4
0000000011010101 4
0001010111000000 4
0001010111010101 4
0100000010000000 4
0100000010010101 4
0101010110000000 4
0101010110010101 4
0100000011000000 4
0100000011010101 4
0101010111000000 4
0101010111010101 4
0000000010111111 4
0001010110101010 4
0001010110111111 4
0000000011101010 4
0001010111101010 4
0001010111111111 4
0100000010101010 4
0100000010111111 4
0101010110111111 4
0100000011101010 4
0100000011111111 4
0101010111101010 4
0010101010000000 4
0010101010010101 4
0011111110000000 4
0011111110010101 4
0010101011000000 4
0010101011010101 4
0011111111000000 4
0011111111010101 4
0110101010000000 4
0110101010010101 4
0111111110000000 4
0111111110010101 4
0110101011000000 4
0110101011010101 4
0111111111000000 4
0111111111010101 4
0010101010101010 4
0010101010111111 4
0011111110101010 4
0011111110111111 4
0010101011101010 4
0010101011111111 4
0011111111101010 4
0011111111111111 4
0110101010101010 4
0110101010111111 4
0111111110101010 4
0111111110111111 4
0110101011101010 4
0110101011111111 4
0111111111101010 4
0111111111111111 4
1000000000000000 4
1000000000010101 4
1001010100000000 4
1001010100010101 4
1000000001000000 4
1000000001010101 4
1001010101000000 4
1001010101010101 4
1100000000000000 4
1100000000010101 4
1101010100000000 4
1101010100010101 4
1100000001000000 4
1100000001010101 4
1101010101000000 4
1101010101010101 4
1000000000101010 4
1000000000111111 4
1001010100101010 4
1001010100111111 4
1000000001101010 4
1000000001111111 4
1001010101101010 4
1001010101111111 4
1100000000101010 4
1100000000111111 4
1101010100101010 4
1101010100111111 4
1100000001101010 4
1100000001111111 4
1101010101101010 4
1101010101111111 4
1010101000010101 4
1011111100000000 4
1011111100010101 4
1010101001000000 4
1011111101000000 4
1011111101010101 4
1110101000000000 4
1110101000010101 4
1111111100010101 4
1110101001000000 4
1110101001010101 4
1111111101000000 4
1010101000101010 4
1010101000111111 4
1011111100101010 4
1011111100111111 4
1010101001101010 4
1010101001111111 4
1011111101101010 4
1011111101111111 4
1110101000101010 4
1110101000111111 4
1111111100101010 4
1111111100111111 4
1110101001101010 4
1110101001111111 4
1111111101101010 4
1111111101111111 4
1000000010010101 4
1001010110000000 4
1000000011000000 4
1000000011010101 4
1001010111000000 4
1001010111010101 4
1100000010000000 4
1100000010010101 4
1101010110000000 4
1101010110010101 4
1100000011010101 4
1101010111000000 4
1000000010101010 4
1000000010111111 4
1001010110101010 4
1001010110111111 4
1000000011101010 4
1000000011111111 4
1001010111101010 4
1001010111111111 4
1100000010101010 4
1100000010111111 4
1101010110101010 4
1101010110111111 4
1100000011101010 4
1100000011111111 4
1101010111101010 4
1101010111111111 4
1010101010000000 4
1010101010010101 4
1011111110000000 4
1011111110010101 4
1010101011000000 4
1010101011010101 4
1011111111000000 4
1011111111010101 4
1110101010000000 4
1110101010010101 4
1111111110000000 4
1111111110010101 4
1110101011000000 4
1110101011010101 4
1111111111000000 4
1111111111010101 4
1010101010111111 4
1011111110101010 4
1010101011101010 4
1011111111101010 4
1011111111111111 4
1110101010101010 4
1110101010111111 4
1111111110111111 4
1110101011111111 4
1111111111101010 4
